1100000000000000
1111111111111111
0010000000010010
1010000000000000
1011000000000000
1100000000000000
0000000000000000
0010000000010011
1010000000000000
1011000000000000
1100000000000000
0000000000000001
0010000000010100
1010000000000000
1011000000000000
1100000000000000
0000000000000001
0010000000010101
1010000000000000
1011000000000000
0010000000010101
0100000000000000
0010000000010011
0111000000000000
0010000000010101
1010000000000000
1011000000000000
1000000000000000
0010000000000000
1010000000000000
1011000000000000
1100000000000000
0000000000000010
0010000000000011
1010000000000000
1011000000000000
0010000000000000
0100000000000000
1001000000000000
0010000000000011
0100000000000000
1001000000000000
0010000000000000
0100000000000000
0010000000000000
1010000000000000
1011000000000000
0010000000000011
0100000000000000
0010000000000101
1010000000000000
1011000000000000
0010000000000101
0100000000000000
0010000000000000
0111000000000000
1010000000000000
1011000000000000
0010000000000000
0100000000000000
0010000000000101
1101000000000000
0000000000110101
0010000000000000
0100000000000000
0010000000000101
1110000000000000
0000000000110101
0010000000000000
0100000000000000
1001000000000000
0010000000010011
0100000000000000
0010000000000000
1110000000000000
0000000001011111
0010000000010100
0100000000000000
0010000000000011
0110000000000000
1010000000000000
1011000000000000
0010000000000011
0100000000000000
0010000000000000
1101000000000000
0000000000100101
1100000000000000
0000000000000001
0010000000000100
1010000000000000
1011000000000000
1111000000000000
0000000001100100
1100000000000000
0000000000000000
0010000000000100
1010000000000000
1011000000000000
0001000000000000
0010000000000100
0100000000000000
1001000000000000
0000000000000000
